-0.480047180578
0.386238707398
0.222500011891
1.21626646509
0.187549985051
-0.0316907748886
0.929810225917
0.417587573798
-0.602229696537
1.97580019892
0.373012635558
2.2432893098
1.261101652
2.14239624684
0.355564449239
0.71700324152
1.30911220545
2.66646110486
2.82344572179
1.27585959577
1.09153906855
1.98989285824
3.57807231818
2.90395306959
0.394818483439
0.0570239599001
-0.174662797312
1.19380528283
0.276316277533
-0.13101922374
0.896018624146
-0.7849287847
0.703086531714
-0.726404613678
0.387902794105
1.04598791501
3.2154469893
1.18829625832
2.98742370171
2.14306752286
-0.252873209444
2.80882741482
1.88957749972
2.69111539547
1.06516262538
1.07677952067
2.3856203522
0.490347153509
1.98868248149
2.0323488212
0.0475036421196
0.461302595476
1.82606255399
0.976381630744
0.32286820224
-2.10068283313
-1.50408605842
-0.858406927087
-0.10587592126
0.339527648044
0.652887976289
0.434425489832
3.25476553837
1.79598917127
1.9229717225
-1.35619236379
1.17836241967
2.13036107027
1.57452876555
2.58584291946
1.53122126093
2.60374107174
-1.5780248412
1.17572201548
2.18262693058
0.689870012169
2.59917205027
2.29726292711
0.665992259245
1.61259989195
0.218293985871
3.60678046565
2.00594709735
-1.65887372174
0.564710277471
0.286733808523
2.23809275884
1.93217841582
-0.04319268709
2.54205346315
1.80698887406
0.264560042253
2.47704042944
2.17645436936
2.12235450202
-0.533254904593
-0.877753506243
1.11531575363
2.13435154554
0.107312139967
2.23735419408
2.59215370181
2.74380436636
0.619658915276
1.78149281846
0.964164063376
1.05743105055
1.59023670032
0.43945098329
0.765496913406
2.18217922869
2.4888848763
-0.332755560538
0.784120719693
0.711744775971
2.20813970495
-0.909068966144
0.0674926201418
2.94553808759
1.11805915371
1.50641993419
0.45710064438
1.07382602008
1.34730354499
1.15015451237
-0.937519268091
-2.11129497546
2.66786100041
0.514626230182
1.79051901626
2.20921366785
-1.37720236102
0.0645678303802
-0.371803979972
1.68244475534
-0.608811760145
1.47684644996
1.03651330062
2.09535069271
0.552773924264
-0.541598210642
-1.00432214426
2.45561767596
-0.50977379173
0.334566227305
1.23071576702
2.79401811199
1.81991311195
1.95418174079
-0.0600723763342
1.05884742604
-0.432535568527
0.67577195013
1.25641138961
1.44316746219
1.15144476901
4.25097077128
1.7448355367
2.70440068834
1.07958150396
-1.70470293537
0.0838617956582
0.790367266583
1.1343968952
0.526737323288
0.751508876765
3.76263454458
3.24215092055
1.60295447425
1.95375084031
1.09098981919
1.29942985684
5.24961914312
2.20594282467
1.94021562074
0.321844879855
1.43624412666
-2.25628942193
2.66738641345
-0.917928025405
-0.0155604557808
3.17144651106
3.08307045646
-1.86359657429
3.47249607164
1.24103279761
3.57855429891
1.77665645394
-0.725943416779
-0.161300895137
2.21909321336
-0.725594476397
1.02040392018
2.25258293219
0.544999473285
0.225737738332
1.88533550423
-0.205348862694
2.71082276572
2.69694057235
2.2478968232
2.28705227018
0.830718756157
1.45585294707
1.44428517716
-0.55929463931
1.17709934848
1.96442005023
1.86738719481
0.680517143266
1.18924130706
0.460101089759
0.448593692264
2.03841292516
2.6156043435
2.82954110628
0.17230907179
2.37616842487
1.91552565767
2.16508277944
1.33679450551
0.447377157055
1.47332852201
1.7344560651
3.25411059899
2.31352964505
-0.0931662405407
0.141748169035
0.235448816815
3.56277746346
2.84021283715
0.323993286474
0.222942021961
0.276304964717
1.82710165868
0.6885152435
-0.587081347536
-0.855946315603
-0.77442273156
1.96406774102
-0.907402681999
1.6569807658
0.457736639259
0.112381213656
0.923068847885
-0.19575856316
2.23701615538
0.60630907503
0.713023185722
0.602615016411
0.265953303481
0.571369097296
2.45853373861
2.44800223919
-0.170685609177
0.436832283301
0.961584226814
1.18223595728
1.7183967329
-2.24171769353
-0.399038397494
1.26029933739
1.83237297384
0.96130572592
-0.265579491874
1.42742900618
2.9504040069
0.634563086465
1.27818024069
2.55497999304
0.78030418954
-0.184941529167
2.41328694962
-0.172187034384
-0.0887205368869
1.47552112824
0.988806153239
0.935687983175
2.89854484118
1.08750123645
1.20969336341
-0.963777197931
-0.19458086971
-1.52294021527
0.502159612916
0.814785001669
0.210316153552
3.86358462785
1.83025529068
4.31800271391
-0.170365387078
3.01212997828
1.64065252758
4.22101945929
0.914729997812
-0.481054194064
-1.52198396612
1.34646780453
-0.382059382161
0.962930239067
-0.2017239575
-0.686221699845
2.20738441931
0.529667848367
1.92535269779
1.52820488856
1.98718271852
-0.32678158293
0.72915269237
1.54122716029
0.553406737903
-0.434813133757
1.97165149536
0.431287621791
0.951837282797
3.5347012997
-2.12149136322
1.26052938823
1.44322313045
1.52803046315
2.3678714993
-0.318757126874
1.73893172971
-1.65995596123
1.65086678584
1.48907114632
-0.0551052890456
2.4458277403
2.39164607261
1.0657132992
1.01991025279
2.52621479283
0.487227089617
-0.61285089346
1.47571813677
-0.215229052273
-1.22947954447
0.132816753457
-0.439821395795
4.57207526847
1.10344247806
1.24171367774
-0.456874188278
-1.28885025647
-0.329529034796
0.226964184307
1.56357567082
1.516202986
1.11674194629
-0.496666289847
0.487629135846
0.400420475884
0.405620234384
1.92447131045
0.708069702091
1.49238886382
1.55761742881
1.43044840771
-0.578621535368
0.420254398567
1.2548248138
2.02674431388
2.16428481127
0.824076119794
-0.312056602553
1.23545972858
3.33945638932
1.06495051786
0.153322508395
0.514010146634
2.56497781673
1.97953436335
1.4099795011
2.22867405738
1.73628319555
2.64849578431
1.59493834776
0.580766956717
-1.34548370029
1.95673822433
-1.42807681038
1.37245522262
2.95569477855
-0.368292902749
-0.00724890306795
-0.746831878454
0.505057623431
-0.184534360834
0.411451520549
-0.143514884423
-0.859467038685
3.47287334227
0.946398472717
1.20506076907
-0.407903467037
0.877571182433
2.86059942953
0.994227012371
-1.52191878754
0.0544569101233
-0.0261707999432
-0.590168939128
0.942072695773
0.964548618305
2.57531876207
1.73153382731
-0.920919298263
0.335975181684
-0.636176833374
1.53911020293
1.24511989183
0.314617309842
0.516581919609
0.566462431665
2.3678485602
1.5443135664
3.1857166107
-0.453825492767
1.82802859039
3.04782091615
0.824741431689
2.26838713505
0.154510583218
-0.242033500369
-0.0121516166538
0.458364660821
0.894780131506
1.00909626437
0.375036123133
0.962202855721
-1.60952758905
-0.187267419087
1.54824546461
1.90755857722
-0.443599534844
2.4586027022
-0.0103851013241
1.0062514549
-1.39041815844
0.637401497604
2.18762867678
1.0782805902
0.207257606114
-0.706034559459
2.76203227246
0.494191054677
0.0807286544705
-0.313779299611
1.33880417854
1.06441685388
2.03803697037
0.0598350459249
3.09003866723
-0.0716152722351
2.04053056068
2.45857999168
0.190641348145
0.24374580017
-0.549376464235
2.90013751236
0.032014409325
2.19944061574
0.775757752868
1.73912866463
0.518833623313
-0.753826496323
3.10627735285
4.79553389811
1.80996911398
2.27520681677
2.40033173139
1.65723385287
0.937701163171
0.819930586172
-0.118661092227
1.78030288124
-1.16442849309
1.43063832426
-0.982019140482
-0.0475588877681
-0.245996825848
2.24597145477
0.638966919424
0.710141431712
1.75560908944
-0.327298355722
3.28027708911
-0.685410961792
1.24507507237
1.05009309925
0.645230084919
0.490167461122
1.50265328875
2.08405844533
0.320303273715
-1.75525789988
1.31449674699
1.49421053371
1.31568094444
-0.136566846586
2.8068484209
3.58501810399
0.0207475455917
-0.379075752914
-2.2638237902
0.217077141893
1.87700292618
0.526045553188
1.23212497525
-0.918738199741
4.42394500972
1.56348788671
1.81948023505
1.83886089159
0.270187559683
4.17623372915
1.67978516156
1.94805694444
-1.65655887949
2.02636214423
2.73338401597
4.24572358092
1.51544325275
1.71413451802
0.908506181084
2.33016344274
1.00257374978
1.13665766073
2.30538921085
1.55139968217
-1.24835539971
0.389361616888
-0.682279101751
-0.689625406002
1.67683379848
-0.461576048279
3.17164172511
3.38635925139
-0.73880133075
1.38505436361
1.85607235227
3.24553379389
1.3770795495
-1.03394691367
0.562414869699
0.0955467750975
0.17995103856
6.2036104091
1.71360285648
1.99488651189
-0.124545882982
1.29595314215
0.198230055329
0.345347914012
-1.05039705
0.740317629595
1.06593539947
1.56286126504
3.38074121935
1.0755602243
-0.212935040193
2.52359598595
3.46007509706
1.0171344128
1.90606178692
2.69822220039
0.156043351531
2.12604965834
2.06727722989
-0.820214952422
1.59164892329
1.58528954944
-0.612639790602
-0.0120778566199
-0.203623581406
1.11860996839
1.21584865136
3.12952903438
1.83578813601
-0.931500436963
0.536807595745
0.676544304795
0.0660695548189
2.57660383999
3.54833993325
-1.69151883462
0.529501528689
2.81828211127
-0.300670421366
1.00675143305
1.37843234909
1.7230265103
2.66469335371
1.54903159467
-0.290377705605
-0.799327839034
0.613816457159
0.06676783791
1.07594903612
1.16187043626
5.28761952278
8.78010460348
3.95326704587
1.98050964961
6.59802591259
3.77454936714
3.5377912417
7.24213265368
3.79273143706
5.48247996155
1.82009640141
7.41550475468
4.45168540165
6.80992818048
4.71274839246
2.55034056374
1.66594367799
4.56071707011
5.31823415697
8.90390165459
5.79599487665
8.63532537985
8.81691368063
7.32265926819
4.11627077015
5.13778332307
5.38132314589
1.63907548197
3.7252411459
2.92799109078
3.13362529806
3.20561076999
4.21475118495
3.79685886238
4.97779557535
3.22421545239
7.03601859905
2.1399856295
4.34019951662
9.00718938325
5.83406244733
6.7270633642
7.64732316364
3.1609626544
5.07639490982
6.1293964396
5.60969599066
3.9901782304
5.29578067971
6.90882727102
6.3381669427
4.17540046935
1.85343657772
3.90358846608
-0.406540613124
4.18849503599
1.26941860541
4.08129171772
4.34301790873
1.58439684235
-0.821064105033
3.60392390858
8.62912036943
2.17609308811
6.50823812018
6.01646701469
5.83622202548
5.2409784681
5.62503263113
9.38479071863
7.61166753404
6.78449517415
5.29444872999
3.94902837404
7.70937717842
3.44650439824
9.91985886843
6.49512427742
6.2637057935
6.30487535819
6.56200039153
6.33032920876
4.83683302645
4.56230985691
6.16065936267
4.84757194117
7.62680666397
2.89589493351
1.77503951
6.54625113248
7.11719863068
6.53048262114
1.77393192843
9.55714243086
5.20020249221
0.684109671422
2.47676223713
6.90702235633
7.867700994
2.52681988389
5.17882655477
4.3930190409
7.5108652563
4.69624036635
3.60557076228
3.40741409131
3.0601840319
2.79449625047
4.89567283049
3.56632702516
7.9760483241
10.3543410016
3.48047677953
3.60496537867
2.13407771985
5.09415536915
3.72033491475
1.67851464126
6.12424228293
3.74404887735
3.78094899771
1.71665879786
3.91417228244
6.68879572766
8.29887711424
-0.113685910474
-0.0490895759531
6.5291692074
4.41792377702
6.01162649622
7.19168949714
-1.00850396232
3.28465070048
2.48143123503
6.23706398609
4.29324175893
7.43561556459
5.38183966805
3.71320627088
6.09678149262
4.65724811329
4.56774665165
5.99531142769
3.34823758234
3.36149139318
4.93323882731
7.32902712824
5.28555896604
4.38099684698
4.35637671115
3.80829990128
3.51479122216
3.78695738007
2.22153874036
5.3032234186
7.53730519319
11.3393811132
6.95591511814
2.92725289465
5.90195420504
2.63114419347
3.98096783501
6.25176240845
3.62491295585
4.6552671472
5.30633010418
8.73930482265
5.04045487414
4.392075796
7.04805822719
6.90438680685
4.61692534544
9.33773961675
6.55173666528
4.41765399625
7.26924530977
4.4303753002
-0.415782999295
5.16697004247
3.63477619676
3.81214890659
5.98078898068
9.78294809625
0.789043174344
8.45731925681
5.87517953201
8.22732503544
3.48541682797
5.20979846343
4.11309884558
6.8484858257
5.09073265187
3.88116802961
2.98075229145
2.07758877427
4.18225602687
6.98646405711
6.56781793064
5.35656928404
10.711932355
15.361444921
14.0828826011
14.377572552
14.9598583266
16.2202083904
13.26438264
14.6644980357
17.9782944686
11.901264272
21.5745516751
12.5209648057
19.1595705917
15.5406071568
14.9378548838
13.5773946033
13.7927373898
13.8038284964
14.8291109865
16.827304352
14.3618122129
14.2814575485
15.7951709401
21.6663421983
20.3516863728
13.0494294939
12.9850633324
11.1147247817
17.4425860175
15.3984299107
11.8526258651
18.7551842241
7.80160029977
19.3417008944
15.0153899253
10.695744913
16.3913820233
21.4952357553
11.3776232115
19.9782661201
22.0836860714
14.1178941345
14.5637412845
17.4272592609
16.380812279
16.3751648131
17.3644023439
10.7292516437
14.8990311018
17.9591751417
15.6382582069
13.9324180781
13.2584190331
17.8060204925
17.3418216753
13.2210502327
11.7012129547
11.7709057405
12.2291761956
11.765236278
17.4660790101
13.9473454713
15.9225838357
21.6012664047
13.0680938424
19.860190372
13.0130147669
15.8554347175
16.8238596749
17.9230533059
17.2362049289
16.168729507
19.6166808765
9.89671056456
17.3989457243
20.3215876179
18.505741061
20.0793469039
16.7603778502
14.3259196895
19.1849910785
11.4892449979
15.7048517944
16.03498166
8.95402842894
14.4718541218
11.2870139785
11.0993358833
15.2929803467
6.98801013153
19.225466574
15.1182682059
11.7633472289
17.8766529127
23.6298488603
19.5012387009
7.55452382142
10.0228264578
13.0191901018
14.8364288918
12.554262127
15.4002065431
20.1337167503
21.2746835549
15.1418529617
15.291772658
21.5062177828
19.1255244562
13.2205610985
15.7645213952
17.0829951806
17.9092149788
22.125620496
18.7878946635
12.7003077651
16.1135488062
15.1411236976
15.5295241215
15.0170741369
18.6701263347
17.1146534181
18.4298447343
13.8398516529
12.7770520838
18.0961323014
14.0163260729
13.2534421827
4.94900809145
15.3204538844
12.3890649383
16.0768951966
14.7188675712
12.729355785
12.0415638641
11.9228309262
12.3381836737
13.2905002658
19.4849436071
15.9768946419
14.0921943438
12.065440744
11.0811852093
12.5286594511
10.5467085837
14.6125186438
14.1405377274
13.019657578
18.4214630232
19.8286884596
18.091921728
11.1750610465
11.681215288
11.0454063927
13.4491871036
17.3157773442
17.4077736071
20.1836003892
26.2455113813
21.6864345506
16.1886661646
15.0462159687
9.19891584423
13.0921343193
12.8350233258
12.3228292713
15.9842196172
16.1019344919
18.2842055538
20.4036491963
11.1630166533
19.9657296328
13.638645797
11.3350631916
25.3928508415
19.4161808962
16.5522003518
19.0970553647
19.1881544894
5.99448047411
16.0688952076
12.0885636563
14.8809181452
17.8572644755
19.624124385
10.8671026992
20.6711567181
16.3416110967
22.0537883343
15.0274840169
7.0200582308
12.0147606915
17.6587154765
11.7917097462
20.2338759425
12.8378370062
12.6840353715
15.7555225393
15.6140874755
12.2773619024
18.4823307436
16.884744778
14.5855666439
17.8453027215
8.17519725302
14.1299080992
14.3342941633
12.9260393445
14.3092503391
17.3529872561
16.832957791
14.4086568357
18.9896055011
15.3884708964
15.5751876449
18.7772062191
17.9867355985
18.4851613777
12.2189333655
17.0224514581
13.9630171584
13.9171897768
18.7794116793
14.1804074377
18.6653185367
15.4479252572
19.3403800762
17.4971651343
18.3983468817
11.103766386
15.0646627481
15.3436755968
14.0512785153
13.0811278878
15.4526301972
12.3001021929
15.4987617575
15.6046596312
9.42806779202
9.09991734056
14.2073314745
13.9002201579
11.9566410321
14.274752979
13.1146694989
12.6069990725
13.0007587018
11.9909520693
16.8858548207
8.90424163893
13.5312530608
15.9139268371
12.6174177598
17.7942144244
8.80669434186
15.4779879616
14.2764395472
12.1364986349
10.85926726
14.6749735775
20.1681504679
7.60097289554
13.6461710572
14.9693496226
17.7847035205
15.2800141145
13.0053211831
20.1488259443
17.879519623
17.345928022
13.4669358454
20.0428210777
14.529963116
13.0955879549
18.9664238944
12.6527959467
12.910562549
20.4193796763
14.6111091595
16.4573116969
16.1313241433
14.7618891304
18.4739964193
9.99911765444
14.5059897161
6.33222696813
12.8265084314
12.9559587403
11.7695514382
17.6241251003
17.1580446724
21.3676266815
12.1759278715
19.2297810351
21.3664503088
21.1804488567
13.5728240388
14.3002828416
11.6748234668
17.7729521255
13.1212717531
13.5283751654
14.9486057762
13.7837446278
14.5343390148
12.7421468285
16.6124457198
15.3764448362
16.5798470881
12.2981301603
12.0551146107
17.1007966895
7.05754684595
15.0721013837
16.5891759681
11.1358731428
18.7768905976
20.9888344803
8.98389209664
17.5009930508
17.6537351502
15.0274017713
18.4883251567
12.6964355309
14.0459603086
13.8335056717
15.7057596082
22.0893436597
13.1039568451
23.353565946
16.1019660604
16.3486622862
17.1244688499
18.4875560537
14.3828993283
12.5197367333
18.5533573572
13.7401468687
14.0822918522
13.0380120839
14.0143139633
15.9770020114
16.1183193408
15.5573458618
14.3494844496
12.9994101965
17.491093242
12.4026459533
14.2259119671
16.4897260768
12.3778113533
10.176145237
11.0926810666
14.6910429752
7.1738600719
16.3172753371
13.4573199609
15.1431626128
13.5346779854
17.0574168404
15.9703954855
6.01363927126
16.8705517306
17.8629339477
11.3158126712
18.6412823023
12.3340841553
15.523229025
16.8132457618
16.6039852168
13.0824983372
12.5889004025
11.7147294651
14.0152694434
14.5322920828
14.58273759
13.4207606551
18.0039334731
14.7897768198
14.7456266141
9.25402968204
15.8699599179
11.1026884236
16.5426708578
19.4758295612
12.2603620233
15.4960404375
11.0164438277
12.6848205702
8.72625139712
18.657155504
11.7440321512
15.4364163355
18.6373113479
16.5036840319
17.1615183214
9.48202603392
20.4035216497
19.2980151731
17.1340589735
12.341184895
10.3324035665
9.15917074045
11.0740747489
14.8895357137
15.9764003237
12.1065371613
15.8325616945
13.249815299
19.7248817231
8.37911646909
18.4673836935
17.4980992027
7.21631556551
12.627011936
13.2384941833
12.1151769894
10.6288413006
22.7174794426
11.9777051751
14.1815652156
17.4886563995
12.6393171472
17.0250321221
15.7499850314
11.3019138056
15.4481432178
16.4181037358
11.796743716
17.6110115892
12.5021168093
7.30328511499
11.3993945127
18.7058472532
19.5067508516
11.6109226799
9.13720003518
20.5986630574
14.7361194579
15.3299287
10.1977706388
12.7710632712
15.4700994568
10.8640489822
13.5650185475
17.1579003417
15.2192314092
13.9804088511
7.01366512601
12.5964972021
15.497569879
14.7337105672
19.8319345671
14.875130834
15.3413193263
14.8141596819
15.2205685156
13.31015018
12.9323626562
12.7591193676
17.8988158929
23.1128244619
14.1567086345
19.0888878199
14.8294956875
18.2003483146
10.6420917382
12.0952121489
16.2022795868
22.1244970307
13.5837095995
19.6168412657
22.1067692133
15.5497612495
17.8968657027
10.9231309493
12.8687354526
17.5950345016
13.3868600581
12.9086634888
11.1487153938
13.8434343882
13.4432687044
14.8601942764
18.9517471194
15.8979079498
17.8848404704
10.7974638708
19.8802701378
11.7328390922
16.4982681775
15.8854015262
15.2564362166
14.4841677074
18.7087745614
18.097995956
15.0647701185
12.3411388344
17.6261656476
13.9014163131
15.2650323451
14.4182191663
20.3974385293
18.5816587278
11.7269833548
11.1210616657
10.5140024227
12.6270516436
13.7721010377
14.4778926365
18.0672136036
9.77137017
21.8670083685
15.705960967
13.1467394513
17.0836059925
13.6145595
21.0370350165
20.4495468552
16.7916661919
8.29736356281
16.6244323206
16.7829752415
18.2129517632
14.9523866605
19.2895007637
11.8434552339
20.500892243
15.8897900426
12.0292654528
19.2801305857
17.8775253866
11.5785358369
15.2600786958
11.4977760664
5.70048591998
22.01296236
8.27627019011
17.5390208961
18.3884172752
12.6696975515
13.2068693392
19.0735301828
20.6882373401
16.3401269345
12.0788985876
16.1739151302
14.7805248282
10.6465547239
22.4892731956
17.9698796815
17.9005011391
15.4662459644
10.435763478
9.48516139582
12.5224566989
13.3258787287
12.7853467033
19.4413164848
15.9481442341
18.4345821246
11.7050264304
15.5243397268
16.5728398285
17.0294160249
13.8262122935
17.4268644862
18.9130214499
15.2989656864
14.2273617487
15.0769297728
13.3924616044
15.5049855372
17.375417718
8.78280238269
11.1123053911
9.91064867891
14.165061179
13.060900065
19.8686623651
16.5712607605
12.0193311247
10.9195373278
16.4942376485
17.3955545397
20.5305587494
23.772939463
6.1468954709
10.0061196673
16.7798080185
12.0839662462
15.9738196906
16.9827363704
17.2644296779
15.2813208421
13.7190631734
14.9224846626
15.0302084062
9.89388926806
15.7195876365
17.6433646227
12.7382766599
13.9713040418
15.2882813409
11.9998587353
11.6902508989
10.8994922213
15.073884337
17.8774849669
12.510419246
16.3857577959
10.0765754037
14.718836868
17.5561075401
14.3401818077
17.2750955122
11.8355155291
12.8904505567
25.6867813379
12.5492285075
16.9715228368
13.3793406514
18.7916710587
11.1142570284
13.3162210253
17.7927580758
16.6029957519
13.5368026688
13.5552872804
12.3116690857
17.5952166587
14.0567104794
19.2157720287
9.09703491411
21.9505338343
15.1928136838
15.604084374
20.336954315
18.1550220341
10.212717899
16.6854320604
17.7784840852
17.6323888066
14.4049098772
10.4986711292
9.36400774915
7.55679147615
13.1534118645
14.318139628
18.4616402944
13.5215763513
8.42324130076
22.7277551519
13.9993704503
17.2471237521
14.1868022579
21.6939813707
9.59091399195
12.957451853
16.9311377857
21.7155454798
19.1321164539
16.0973399408
20.0960301034
16.167917563
14.0938623216
11.4754205989
9.16354377778
20.6854409197
20.2402344101
13.0744549593
16.4399412821
18.3752395621
15.3154792718
12.5297200721
13.8018934538
17.5410922151
17.0671350865
17.6374065358
7.98577348401
16.72880254
17.7533066997
12.8283884738
15.4073201801
18.8229378979
16.9942244306
15.0013576401
12.2407608555
19.833096774
19.2224476002
13.5463179304
14.5971908079
12.0926138461
16.2658758801
11.6610949982
18.1924061082
9.53992219463
12.4226403247
19.9050937304
18.7702878958
15.0179902757
17.507504384
12.9111177953
16.6490089803
14.3694848122
14.606978108
15.8659293671
12.2972643628
12.524922263
15.3077734446
11.2188237449
16.311083074
14.6933984233
15.6394710394
10.6684951091
14.5364388036
16.3104435093
20.9244618534
18.672478637
18.1163036147
18.9814496138
11.1037326255
9.9080564174
16.1396512943
15.9455084173
12.8551841608
18.4001721846
11.6424419556
12.0703864906
16.1505431233
9.87492265652
10.3254539315
16.0014410162
20.7863967203
14.9035848766
12.5051605467
19.0854191302
16.5694410653
16.8042616486
15.9881771595
12.9358520806
15.6983984204
12.0213681746
18.5706050982
19.3322878945
14.187505038
14.0382040852
22.7851664046
10.2203294233
14.4728138601
14.3144198967
23.4562851494
18.0306788367
19.3018387211
21.2433233535
22.9011763449
10.6799134429
16.5381036738
13.6690595551
14.4060446101
13.3072001803
20.133819751
14.5510526331
21.1639063528
18.120500796
12.1043546063
11.0128358183
16.4794761993
16.9303132299
18.9219288323
15.121851028
16.0837435815
9.08120543746
19.7556810841
10.6411572272
17.3368193374
17.0687933447
13.4263400269
18.6584497098
22.0797574338
13.7445587392
17.7531709567
11.4768080449
16.1589644813
16.253698911
16.7638948516
15.0939640737
15.7191024296
14.6695509021
14.5465965844
12.5248025642
25.0069380836
5.29977427036
21.0837628559
15.092223805
13.2240414135
11.359133541
13.2062437211
12.6972630748
12.3468671777
14.2912902737
12.4872142788
